%YAML:1.0
mat: !!opencv-matrix
   rows: 160
   cols: 17
   dt: d
   data: [ 4.3437132856121985e-001, -6.6170533927756514e-001,
       5.9287090691843805e-002, 6.9605696644035694e-002,
       4.9945782425217695e-002, 7.6153245802454639e-002,
       6.6038387424285250e-002, 8.2756048540269536e-002,
       4.2676483385939309e-002, 6.0816924171368941e-002,
       6.3306788592898469e-002, 7.6281019704807815e-002,
       9.7391340382769281e-002, 3.1435833327577711e-002,
       6.6590923218244766e-002, 7.1840013260859079e-002,
       8.5874422427427974e-002, 6.7411552390295892e-001,
       3.5419665110401288e-002, 5.5954479604838285e-002,
       6.9003194107482541e-002, 6.6563105440455198e-002,
       7.7601103101600566e-002, 6.6238458450421575e-002,
       6.5941738083186444e-002, 4.0598327893459955e-002,
       6.7215890248372476e-002, 6.3547030178206718e-002,
       7.1010420121131720e-002, 8.3423803955107900e-002,
       4.3516659975913287e-002, 6.8919414239086846e-002,
       7.5970886495732429e-002, 8.4495488105003985e-002,
       -7.4274190618073455e-001, -3.0790184996665149e-001,
       5.6339894349622582e-002, 4.6716295611848306e-002,
       6.4460677487403945e-002, 8.3585836573162056e-002,
       6.6029742498997596e-002, 6.7975383113373672e-002,
       4.0924702313499213e-002, 6.7543018532401161e-002,
       7.2727906692933914e-002, 7.2766261615439531e-002,
       7.7114315103122333e-002, 4.5454069980299543e-002,
       7.5824194982478763e-002, 7.5234923900346973e-002,
       8.7302777245070559e-002, -1.4174630282329881e-001, -1.,
       5.8674346779320624e-002, 5.7791921290425617e-002,
       5.6923392265922745e-002, 8.0391046507992198e-002,
       6.7974555573698192e-002, 7.2758413440660419e-002,
       3.8173587684953235e-002, 6.4688041744979080e-002,
       7.2508277081603512e-002, 6.9746354783684128e-002,
       8.7558148018190438e-002, 3.7805331378564004e-002,
       7.1347922304867625e-002, 8.0311141837737951e-002,
       8.3347519307400295e-002, 5.7950898102055404e-001,
       -2.7797591884017270e-001, 5.7266726609929576e-002,
       5.6423338839749280e-002, 5.9824770507914543e-002,
       8.0797942412646664e-002, 6.6777492001756492e-002,
       7.2426796032592416e-002, 4.1392217134014975e-002,
       6.6606723403662138e-002, 7.2876370505126645e-002,
       6.9018394217566212e-002, 8.3234008740564233e-002,
       3.9897120632331709e-002, 6.9255379210839879e-002,
       8.1073263213655961e-002, 8.3129456537649291e-002,
       3.9491055315334944e-001, -2.9053954435356477e-001,
       5.5935370140357425e-002, 4.9200747353124324e-002,
       5.3848833404292029e-002, 8.5484671168143928e-002,
       6.5252653912872202e-002, 7.1624859695358659e-002,
       3.8901770917266897e-002, 6.2057754492387533e-002,
       7.6385541320816389e-002, 7.5864786789724248e-002,
       8.4087782324606036e-002, 3.8511205018947753e-002,
       7.3978810920363292e-002, 7.8718380875641758e-002,
       9.0146831666097757e-002, 6.6183399343531601e-001,
       -5.5614490820374207e-001, 6.5293445174441758e-002,
       6.4205335867663846e-002, 4.2109141495530474e-002,
       7.6363924355742907e-002, 6.0875583653568023e-002,
       9.7113755629932602e-002, 4.6289409528531854e-002,
       5.6960456179496709e-002, 6.5186700274093373e-002,
       7.1412338333126740e-002, 1.0285043317769238e-001,
       3.2519317383579188e-002, 6.4601325014117861e-002,
       6.9077724060989248e-002, 8.5141109871492926e-002,
       9.8873587442316768e-001, 5.2374767437778647e-001,
       5.7572507188702195e-002, 6.1573024286108585e-002,
       6.6614723999259259e-002, 7.5338995782861046e-002,
       6.5454748736081161e-002, 7.3497709747635490e-002,
       3.9924811241977110e-002, 6.8337217387050897e-002,
       6.1600975497269506e-002, 6.9846582789740583e-002,
       8.9709412220968274e-002, 4.1423694940481377e-002,
       6.9738271846491992e-002, 7.5716337133533387e-002,
       8.3650987201839125e-002, -8.0741978852512641e-001,
       -1.1791343419805528e-001, 6.1378482128601884e-002,
       6.0326815080141899e-002, 5.5196901226597803e-002,
       7.8382168169543978e-002, 6.3443636893729602e-002,
       7.4654477047279899e-002, 3.9050514726809496e-002,
       6.0177568601317531e-002, 7.3283491951102675e-002,
       6.9878589724900603e-002, 8.9207744156826849e-002,
       4.1035839980007885e-002, 6.7254628376267708e-002,
       7.9520606426622772e-002, 8.7208535510249416e-002,
       6.7303755919721897e-001, -2.3323270263629026e-001,
       5.7690035104793015e-002, 5.7248618400472691e-002,
       5.3348858225296301e-002, 8.6729693093740207e-002,
       6.4359945778735522e-002, 7.0140071599874912e-002,
       3.4924055472524425e-002, 6.6970213061763567e-002,
       7.6823885162142377e-002, 6.7818289249591573e-002,
       8.1328420979458443e-002, 4.0161968648986836e-002,
       7.8141183830940875e-002, 8.0706266726912584e-002,
       8.3608494664766692e-002, 9.5155214805663557e-001,
       -4.7470951662161687e-001, 5.8727264549477368e-002,
       8.6589327788368628e-002, 4.7347862340025797e-002,
       7.5050773100463264e-002, 6.1055734505987232e-002,
       8.0216308977237707e-002, 5.1440848905480778e-002,
       5.9305057242994709e-002, 6.4667803799592458e-002,
       6.9726084745234965e-002, 1.0056706720040411e-001,
       3.1730160432617956e-002, 5.8917555556324427e-002,
       6.9203649435527675e-002, 8.5454501420262841e-002,
       7.4270557029177708e-001, 5.3031207217327214e-001,
       5.5457969996208660e-002, 7.1148568506801776e-002,
       6.6181560155410310e-002, 7.2515539292583878e-002,
       6.6574607735037206e-002, 7.1614660326890359e-002,
       4.1593477497156479e-002, 6.6525911574729535e-002,
       6.1447597714063100e-002, 6.7767663662577374e-002,
       9.1517476704104789e-002, 3.9318671151351146e-002,
       6.6971133611829020e-002, 7.8543428279251620e-002,
       8.2821733792004776e-002, -6.8218209125152907e-001,
       -4.6407133078246232e-002, 6.0619680230228706e-002,
       7.2329706395743876e-002, 5.8466512669892938e-002,
       7.2486490441399348e-002, 6.2455795609349926e-002,
       8.4530989237646403e-002, 4.4885530226221895e-002,
       6.4560185911037266e-002, 5.8476964939603290e-002,
       6.8218480309665930e-002, 1.0147760252805571e-001,
       3.6008069152216375e-002, 6.4020151976001610e-002,
       7.0674763691602305e-002, 8.0789076681334643e-002,
       -4.8968666351755674e-002, 3.5826868396110501e-001,
       5.3587768596200333e-002, 5.4607987154361548e-002,
       6.5711190500397906e-002, 8.2409819340679369e-002,
       6.2559381277762463e-002, 6.4543723902914463e-002,
       4.4833522067923438e-002, 6.7131082308148099e-002,
       7.6575992258960293e-002, 6.8207395357479675e-002,
       7.6856464714812084e-002, 4.6372614669410631e-002,
       7.2116480210915268e-002, 7.9591071159367935e-002,
       8.4895506480666613e-002, -4.2928430410716656e-001,
       -9.3874398848597607e-001, 5.8756100526251825e-002,
       6.8836514580474850e-002, 5.2253504003334672e-002,
       8.3019261163311805e-002, 6.9138718585546252e-002,
       6.5849210622297150e-002, 4.1203952967330801e-002,
       6.0881949389513128e-002, 7.4911857165187487e-002,
       6.9183875505844386e-002, 8.0754467929902540e-002,
       3.9484516386751656e-002, 6.6773190683779959e-002,
       8.4940167080605020e-002, 8.4012713409868420e-002,
       6.6034422198805764e-001, -3.3392073577421277e-001,
       5.5131632465053808e-002, 7.9125486256200986e-002,
       6.3162029778520937e-002, 7.1859888686873555e-002,
       7.0055656563198440e-002, 7.4029138870251671e-002,
       4.5960988260323903e-002, 6.5338232686845812e-002,
       6.1920968375530565e-002, 6.7994173616494610e-002,
       9.3576725057968463e-002, 3.6244555147276120e-002,
       6.1667193914975091e-002, 7.6601647100539849e-002,
       7.7331683219946074e-002, -6.5077577122924168e-002,
       2.4326885947976273e-001, 6.0723087565132436e-002,
       8.5858392744792067e-002, 5.3333008902159640e-002,
