%YAML:1.0
mat: !!opencv-matrix
   rows: 160
   cols: 17
   dt: d
   data: [ 4.3437132856121985e-001, -6.6170533927756514e-001,
       7.8988445095208817e-002, 5.0940346854344662e-002,
       5.3447478019435446e-002, 7.2088654368140798e-002,
       7.8059494291614587e-002, 8.0635692430950298e-002,
       4.5339015243081218e-002, 6.2906200142277963e-002,
       6.9564256459488785e-002, 7.4209010477460008e-002,
       7.9810342088723452e-002, 4.7438651260126939e-002,
       6.0999951653118022e-002, 6.9647136828582659e-002,
       7.5925324787446360e-002, 6.7411552390295892e-001,
       3.5419665110401288e-002, 6.8517969036356971e-002,
       5.1981917511737918e-002, 6.5302916586668536e-002,
       7.2246173179969633e-002, 7.5890597455186518e-002,
       6.9935245143385769e-002, 4.8630722775906320e-002,
       6.7027385544481871e-002, 7.5087707049726810e-002,
       7.1104672473077002e-002, 6.6866807463389924e-002,
       5.2505541689211614e-002, 7.0368107796764015e-002,
       6.9785139545843311e-002, 7.4749096748293831e-002,
       -7.4274190618073455e-001, -3.0790184996665149e-001,
       6.7379138408968101e-002, 4.7037082236440660e-002,
       6.5402116494360105e-002, 7.8069701354626125e-002,
       7.7665231262748657e-002, 6.7692951411286797e-002,
       4.1228054882407300e-002, 7.0231349918931624e-002,
       7.9290085252532283e-002, 7.2173503722170892e-002,
       6.6357502745863772e-002, 4.4829930786798936e-002,
       7.2194424588992126e-002, 7.4188880559284506e-002,
       7.6260046374588122e-002, -1.4174630282329881e-001, -1.,
       7.3352487293420393e-002, 4.8648047720458713e-002,
       5.9014810156925820e-002, 7.7754192389601282e-002,
       7.5985867295713314e-002, 7.4009095235944580e-002,
       3.9691776419784407e-002, 6.8627689400124384e-002,
       7.8900650701945158e-002, 7.1716178611256828e-002,
       7.1629325708806521e-002, 4.5431016213699833e-002,
       6.5316856758719150e-002, 7.6555622335787207e-002,
       7.3366383757812403e-002, 5.7950898102055404e-001,
       -2.7797591884017270e-001, 7.0116192348172776e-002,
       4.9819124688957203e-002, 6.0699523938969414e-002,
       7.8522189462531977e-002, 7.5225309997281650e-002,
       7.2869400358265543e-002, 4.2713059964173447e-002,
       6.8028633363304974e-002, 7.9658323400874059e-002,
       7.0231199771379191e-002, 6.9941938676647913e-002,
       4.5180491952965460e-002, 6.6958715820142331e-002,
       7.6567063268023081e-002, 7.3468832988311056e-002,
       3.9491055315334944e-001, -2.9053954435356477e-001,
       7.0572794798084468e-002, 4.6340116043813752e-002,
       5.7462447616668376e-002, 8.0987885419928698e-002,
       7.9541736012638850e-002, 7.0935211802831077e-002,
       3.8293051093760438e-002, 6.7163260064109109e-002,
       8.0305274750794339e-002, 7.4337709313413269e-002,
       7.0140005559406485e-002, 4.1980556151764770e-002,
       6.5259691136265285e-002, 7.9295433193879022e-002,
       7.7384827042642046e-002, 6.6183399343531601e-001,
       -5.5614490820374207e-001, 8.9662272908832982e-002,
       5.2163822431579965e-002, 4.9402228558048565e-002,
       7.0245031197057980e-002, 7.3402614217043374e-002,
       8.8357230417475882e-002, 4.4612481577896219e-002,
       5.7507954216767902e-002, 6.9973003870363495e-002,
       7.0544605594810128e-002, 8.7238130655758014e-002,
       4.6237758770298752e-002, 5.6760739914328624e-002,
       7.0410313623403997e-002, 7.3481812046334180e-002,
       9.8873587442316768e-001, 5.2374767437778647e-001,
       7.3109886692777751e-002, 4.9008954869275680e-002,
       6.6338705789045216e-002, 6.9588034086502021e-002,
       7.5618507894470180e-002, 7.4364197293623965e-002,
       4.5780589980189572e-002, 6.7020016561092619e-002,
       7.4570337475935763e-002, 6.9892003507876999e-002,
       7.3305545170904179e-002, 4.8131985619101841e-002,
       7.1331490882664300e-002, 6.8497936851226210e-002,
       7.3441807325313677e-002, -8.0741978852512641e-001,
       -1.1791343419805528e-001, 7.5178575147337487e-002,
       5.1837120028877463e-002, 5.5356560250456412e-002,
       7.7937899581415698e-002, 7.5039741213547409e-002,
       7.6004637053388599e-002, 4.2136098905294433e-002,
       6.4897922350180826e-002, 7.7229846519086209e-002,
       7.1287754152870017e-002, 7.4057491131982484e-002,
       4.6439950852787432e-002, 6.2374615603545812e-002,
       7.6018520446767601e-002, 7.4203266762462097e-002,
       6.7303755919721897e-001, -2.3323270263629026e-001,
       6.9229432414584124e-002, 4.7937158944770769e-002,
       5.9883215738069574e-002, 8.1710750408397342e-002,
       7.4860102186229183e-002, 7.1332244273747888e-002,
       3.7329255152757979e-002, 7.0991623509784163e-002,
       8.2054846894442299e-002, 7.0220013207743889e-002,
       6.8596850995794351e-002, 4.7068228424455183e-002,
       6.7585415870147006e-002, 8.0494247679955486e-002,
       7.0706614299120632e-002, 9.5155214805663557e-001,
       -4.7470951662161687e-001, 7.8756257979247901e-002,
       5.9066328525313891e-002, 4.9371866685580433e-002,
       6.9511574882971036e-002, 7.3891727876940538e-002,
       8.0060616335271992e-002, 5.7339870117738244e-002,
       5.8329383353342736e-002, 6.9950974116963244e-002,
       6.9736464254699315e-002, 8.0693766412599344e-002,
       5.3354138483415268e-002, 5.7869225100421771e-002,
       6.9459677335649131e-002, 7.2608128539845176e-002,
       7.4270557029177708e-001, 5.3031207217327214e-001,
       7.2519017589748741e-002, 5.0414439107190678e-002,
       6.5120679520134117e-002, 6.9666813914579989e-002,
       7.4908607741993857e-002, 7.4317297223971041e-002,
       5.0400525918531329e-002, 6.4811111072463345e-002,
       7.4296427440981985e-002, 6.9472029273348945e-002,
       7.1753792213483977e-002, 5.1245752129587430e-002,
       6.9746814749371319e-002, 6.8543323930336686e-002,
       7.2783368174276594e-002, -6.8218209125152907e-001,
       -4.6407133078246232e-002, 8.1388340144729093e-002,
       5.1411230615394814e-002, 5.8240046826168311e-002,
       6.7023437472780542e-002, 7.2092788282308820e-002,
       8.2670485229200869e-002, 5.1463491963946631e-002,
       6.2518509227612110e-002, 6.9608632181144783e-002,
       6.8235900759183177e-002, 8.2569446622000636e-002,
       5.0348583194840750e-002, 6.6288294503151365e-002,
       6.5006149418679604e-002, 7.1134663558858488e-002,
       -4.8968666351755674e-002, 3.5826868396110501e-001,
       6.4771607773294132e-002, 5.0446477090659206e-002,
       6.6012698390438690e-002, 7.9121279795816069e-002,
       7.4062257873387730e-002, 6.6349265337460953e-002,
       4.6404167820693981e-002, 6.8049629601063005e-002,
       8.1635014181388549e-002, 6.9399403294850170e-002,
       6.3867084103171809e-002, 4.8963478980342395e-002,
       7.0896425027959606e-002, 7.7820588781802966e-002,
       7.2200621947670865e-002, -4.2928430410716656e-001,
       -9.3874398848597607e-001, 6.9590287788526675e-002,
       5.2319502579154860e-002, 5.4764923493756182e-002,
       8.1473505045417477e-002, 7.7666429303367673e-002,
       6.9538183649721266e-002, 4.6605415356826517e-002,
       6.3879674175452011e-002, 8.1730552130190884e-002,
       7.0483005366726303e-002, 6.6231307640203546e-002,
       5.0600065998575826e-002, 6.1264046407419635e-002,
       7.9667228233496007e-002, 7.4185872831165220e-002,
       6.6034422198805764e-001, -3.3392073577421277e-001,
       7.2589924806279682e-002, 5.3358687603639043e-002,
       6.0659048797700024e-002, 6.9860980264690231e-002,
       7.4825225876651719e-002, 7.5190243936354775e-002,
       5.5249828789148185e-002, 6.2876968055705237e-002,
       7.1995466823334742e-002, 6.8505198900078890e-002,
       7.4957327650639505e-002, 5.2722513271013738e-002,
       6.6631439526936606e-002, 6.8526057074919086e-002,
       7.2051088622908543e-002, -6.5077577122924168e-002,
       2.4326885947976273e-001, 7.8833299152191838e-002,
       6.0385910881073958e-002, 5.4688667734972170e-002,
