%YAML:1.0
mat: !!opencv-matrix
   rows: 160
   cols: 15
   dt: d
   data: [ 6.5796653014428094e-002, 4.6792875050936891e-002,
       5.5187965770407563e-002, 8.2089552238805971e-002,
       1.0184961357027909e-001, 3.0607029636638649e-002,
       5.0187516835074976e-002, 2.8925248813774718e-002,
       1.0283727130198153e-001, 7.2385642357393962e-002,
       3.1028338179532693e-002, 5.5077458611615684e-002,
       8.7176334891944721e-002, 9.8472238529702258e-002,
       9.1586261197483199e-002, 6.2751121428446757e-002,
       4.4651179027106282e-002, 4.8337493236521041e-002,
       6.9795612029392773e-002, 8.9386137922608341e-002,
       2.4620808824812806e-002, 1.4616096207215542e-002,
       9.3882324193182418e-002, 1.1080934843698183e-001,
       7.9887595343235654e-002, 2.7741608922555984e-002,
       4.6916726301642432e-002, 9.4217443666765571e-002,
       9.6067582427172601e-002, 9.6318922032359977e-002,
       6.2295367771404660e-002, 3.8407224672675606e-002,
       4.0481877299116092e-002, 6.3669171359333324e-002,
       8.4216949388936341e-002, 3.2378528217019122e-002,
       3.3933645984065272e-002, 8.4345961401000716e-002,
       1.1334228281525131e-001, 7.2867379138408961e-002,
       2.6569500862985755e-002, 6.0046374588120434e-002,
       9.7257623040847993e-002, 9.3910284349448217e-002,
       9.6277829111386173e-002, 5.7222166250351751e-002,
       4.1519161487338585e-002, 4.9388034449335226e-002,
       7.4057732861316755e-002, 9.2769322165208112e-002,
       3.5265752510917410e-002, 4.8408333709695911e-002,
       3.9542389427569886e-002, 1.1270032621950160e-001,
       7.5238932334640754e-002, 2.7848514641662294e-002,
       6.0633748258599303e-002, 9.5322797497246758e-002,
       1.0096823615651587e-001, 8.9114552030099742e-002,
       5.9302009493340024e-002, 4.1444493235472474e-002,
       4.5828715611037928e-002, 7.0015125218688357e-002,
       9.4152743798311830e-002, 3.3728540660351712e-002,
       3.7102091741072984e-002, 5.3171765329095483e-002,
       1.1415009514250465e-001, 7.8229443294370218e-002,
       2.7636632303842643e-002, 5.9727188451860681e-002,
       9.5672235814008605e-002, 1.0024116708139041e-001,
       8.9597752824652016e-002, 6.3785392835402868e-002,
       3.8606207534755084e-002, 3.6860976133256861e-002,
       6.7515121233766004e-002, 9.2982832693532441e-002,
       3.2832165740685357e-002, 5.7779122669359577e-002,
       3.6892643638525985e-002, 1.1261668596038747e-001,
       7.3760656995175977e-002, 3.0949708483020939e-002,
       6.3099263554571905e-002, 9.8904656178858075e-002,
       9.9706899645675806e-002, 9.3707666703025660e-002,
       6.6815420850378088e-002, 5.5813809346721213e-002,
       6.1629684723771748e-002, 8.7637563186094239e-002,
       1.0385590127129733e-001, 3.5473740754514274e-002,
       7.0272578268115643e-002, 2.1173367491701445e-002,
       7.3602330482211487e-002, 7.2032147431924307e-002,
       3.2212856218062615e-002, 5.7755877856286934e-002,
       8.2159139429500164e-002, 9.4328058069225798e-002,
       8.5237524620194766e-002, 6.0531841670364378e-002,
       4.3796053987764358e-002, 5.2055636885815805e-002,
       7.4137093702941512e-002, 9.1756838438505586e-002,
       2.3321791812391472e-002, 1.3905727552557012e-002,
       9.6585410166554281e-002, 1.0701121192957692e-001,
       8.0628762495064857e-002, 2.8719869467843877e-002,
       4.6143955725281523e-002, 9.6449148012144797e-002,
       9.1396966594808754e-002, 9.3559691558384839e-002,
       6.7518412850468917e-002, 4.5780489667284478e-002,
       4.3014223536516794e-002, 7.5518718285123243e-002,
       9.2786188800266567e-002, 3.3937955114989204e-002,
       5.6508881900914222e-002, 3.0165142964243320e-002,
       1.1021331833926848e-001, 7.1221808034319753e-002,
       2.8721270052826313e-002, 5.8952359135619928e-002,
       9.1758817690219846e-002, 1.0183816128338088e-001,
       9.2064252344558062e-002, 6.5395710958951719e-002,
       4.3724583782280772e-002, 3.9154009245420736e-002,
       6.4558061937367489e-002, 8.8498835633102776e-002,
       3.9352125404052696e-002, 8.0674985228181159e-002,
       3.2529282958534640e-002, 9.3420458100170314e-002,
       7.9375065169789025e-002, 2.9526259080323938e-002,
       6.1614125334538250e-002, 9.7219422334990105e-002,
       9.8362934899725418e-002, 8.6594139932570993e-002,
       6.3595254488272884e-002, 5.3821216409312492e-002,
       6.9643048669519869e-002, 9.2294598157291075e-002,
       9.8186699696572330e-002, 3.0986295587670524e-002,
       4.4687248080655703e-002, 2.1426767370974046e-002,
       9.9096636692949880e-002, 7.6154460940175958e-002,
       3.0003702025042295e-002, 5.7678934093574732e-002,
       7.8309939072279441e-002, 9.7709242261210735e-002,
       8.6405956454497959e-002, 6.0327586026984632e-002,
       4.8790074331210416e-002, 5.5941453302121413e-002,
       7.5124262166213915e-002, 9.1148777204631701e-002,
       2.3304591004427874e-002, 1.4139277975074523e-002,
       9.2651401579842571e-002, 1.0599762780133358e-001,
       7.5419917425225316e-002, 2.9405524231557199e-002,
       4.5016121907359034e-002, 9.5350560179758403e-002,
       9.7361015941035911e-002, 9.0021808923223548e-002,
       6.5375462948445914e-002, 5.4024298042986696e-002,
       6.0117971284131010e-002, 8.3656482671878862e-002,
       1.0066929367045387e-001, 2.5172549552468650e-002,
       1.5915322678986408e-002, 6.9650441259986276e-002,
       1.0455753800271061e-001, 8.0245558656395571e-002,
       3.2018786212759436e-002, 4.3700939659046957e-002,
       8.8143990467530020e-002, 9.2986875433333671e-002,
       8.3764489458885996e-002, 6.0469861481665867e-002,
       3.8165289430044914e-002, 4.4749380331167855e-002,
       6.2531334032177199e-002, 8.8513601161155975e-002,
       2.9158617691501337e-002, 2.5375745443199069e-002,
       9.5350117272545609e-002, 1.1229415951169745e-001,
       7.1562547110607819e-002, 2.6764084099665887e-002,
       6.2408627332742009e-002, 9.3867119162228785e-002,
       9.9248684408886775e-002, 8.9540831530713488e-002,
       6.6971186411240599e-002, 4.3006756169998439e-002,
       4.2857390972089550e-002, 6.8246001007346693e-002,
       9.4318912065581753e-002, 4.1492262535387396e-002,
       5.2930857807805202e-002, 2.5857547284505969e-002,
       1.0699758584156868e-001, 7.5134168157423978e-002,
       2.8612119422686145e-002, 6.3237056463518418e-002,
       9.6396130399291388e-002, 1.0347187244906821e-001,
       9.0470153012487634e-002, 6.4051978571701709e-002,
       4.9041045411722987e-002, 5.9699572755052027e-002,
       8.0078009573902251e-002, 9.4953364597419848e-002,
       2.8026434260247448e-002, 1.4120984366797958e-002,
       7.4821749514178346e-002, 1.0566751374032268e-001,
       7.5635218332945134e-002, 2.7522361701609904e-002,
       4.6152188196358856e-002, 9.3778354081423362e-002,
       9.9455254000424112e-002, 8.6995970895893379e-002,
       6.3448309423914509e-002, 5.5126649819419289e-002,
       6.7689088336815167e-002, 8.6894255134992326e-002,
       1.0151799028792108e-001, 2.4137679320641120e-002,
       1.3233315837223611e-002, 7.1366747426855254e-002,
       9.7440585644615774e-002, 7.8888915924820030e-002,
       3.0999398643645957e-002, 4.0621100308325483e-002,
       9.1274075979463506e-002, 9.3276279794078890e-002,
       8.4085608117267965e-002, 6.6488176463475726e-002,
       6.1178380805969636e-002, 6.5662515330005361e-002,
       1.0335964624393278e-001, 1.0541861710396766e-001,
       3.2252603941754616e-002, 4.0132658525210300e-002,
       1.8482372652997771e-002, 9.6996182612751114e-002,
       7.6358108925085932e-002, 3.1896775085070730e-002,
       5.3664519026479889e-002, 7.3231651494999397e-002,
       9.3458621940476397e-002, 8.1419169847822701e-002,
       6.7512855471967115e-002, 4.6715712397311947e-002,
       5.3864946605670941e-002, 7.6849077105148419e-002,
       9.4954010976462208e-002, 3.4576548020291920e-002,
       3.7967762698022718e-002, 3.2133489283069534e-002,
